525628.3125
493401.96875
209285.265625
408223.59375
352134.65625
591311.875
346251.375
438547.625
381586.9375
448981.125
441625.5625
549609.8125
354113.5
423204
224290.046875
482320.9375
437328.1875
441666.5
501713.15625
441689.3125
386802.96875
424389.6875
472996.875
438279.9375
412692.9375
213581.125
545100.3125
514324.875
502646.15625
465385.375
459722.96875
382203.1875
535246.8125
397250.1875
568194.4375
490393.6875
408668.875
336854
549987.3125
463853.9375
469162.90625
474468.625
545385.1875
520333.09375
476789.9375
481136
414909.6875
393719.6875
504553.40625
143382.515625
369252.46875
376718.71875
499451
391288.875
410734.5625
346245.875
354666.3125
408830.1875
413829.4375
476324.375
237515.6875
285520.21875
445765.1875
368768.84375
321381.03125
459496.84375
399638.6875
340858.625
435833.4375
301173.71875
472491.5
411085.375
179148.46875
435824.1875
482844.96875
414261.25
417187.40625
421690.40625
394109.34375
434905.78125
323981.84375
461920.0625
403664.15625
172221.40625
263956.5625
296201.65625
305779.59375
363954.84375
342774.6875
297175.875
324626.1875
402584.09375
402644.3125
408830.4375
424976.375
255500.921875
428388.96875
337885.28125
334384.375
436768.40625
371859.53125
410563.25
481880.46875
453169.4375
390818.34375
374900.65625
374944.25
146039.78125
320605.875
355636.1875
353186.78125
346393.71875
403417.78125
406426.375
357049.5
393931.0625
315314.28125
229703.578125
284479.21875
365103.46875
341688.78125
223163.34375
215122.8125
205702.421875
247185.25
235420.84375
201260.125
314705.40625
367252.46875
304871.78125
313502
334185.75
420802.25
369848.625
331891.375
360102.90625
410293.75
385365.09375
322594.03125
323948.65625
364318.125
224532.375
332780.125
302488.5
409905.40625
399374.0625
389848.25
349433.25
421122.6875
